1.501718312501907349e-01
1.260775089263916016e+00
2.381663322448730469e-01
3.437122702598571777e-01
-2.063743323087692261e-01
1.303018808364868164e+00
6.805151104927062988e-01
-6.754480004310607910e-01
-8.907224535942077637e-01
1.924101471900939941e+00
-4.341314435005187988e-01
-7.642908096313476562e-01
-1.600648999214172363e+00
-2.365810155868530273e+00
9.662656784057617188e-01
-5.681683421134948730e-01
1.367087483406066895e+00
-9.875047802925109863e-01
1.771351456642150879e+00
-2.569808244705200195e+00
6.450053453445434570e-01
-5.853011012077331543e-01
-3.082438707351684570e-01
4.320067167282104492e-01
-5.148747563362121582e-01
-7.488450407981872559e-01
-2.184304147958755493e-01
-1.707099080085754395e-01
-3.692075610160827637e-01
2.393848448991775513e-01
-9.816830158233642578e-01
8.628271520137786865e-02
-2.163613736629486084e-01
1.252074122428894043e+00
2.313023090362548828e+00
-2.676317095756530762e-01
1.534300148487091064e-01
-6.157242059707641602e-01
2.994142174720764160e-01
-9.412319660186767578e-01
-5.338687300682067871e-01
2.132111191749572754e-01
-1.933101773262023926e+00
1.794678568840026855e+00
-1.809820652008056641e+00
3.024864494800567627e-01
-6.684645414352416992e-01
1.467973470687866211e+00
-2.731281220912933350e-01
-1.918050348758697510e-01
6.656190752983093262e-01
-1.527476161718368530e-01
-1.831522285938262939e-01
1.894693732261657715e+00
1.013447761535644531e+00
1.521629095077514648e+00
3.360446095466613770e-01
-2.043480873107910156e+00
-2.438045024871826172e+00
-2.037230253219604492e+00
-2.799484968185424805e+00
-2.360397577285766602e+00
7.393753528594970703e-01
-7.667454481124877930e-01
8.089276552200317383e-01
7.940838336944580078e-01
-9.734566211700439453e-01
6.245937943458557129e-01
-1.097201824188232422e+00
1.240757107734680176e+00
1.435951232910156250e+00
-6.912305951118469238e-02
-2.943737059831619263e-02
-2.288691997528076172e-01
1.398197412490844727e-01
1.062183737754821777e+00
-4.133912324905395508e-01
1.289299488067626953e+00
-1.624062895774841309e+00
1.864745378494262695e+00
-1.834194660186767578e-01
-7.955316454172134399e-02
-1.105312824249267578e+00
-7.482407689094543457e-01
1.568999886512756348e+00
-8.304480910301208496e-01
-1.978503018617630005e-01
-1.281191945075988770e+00
-1.024375081062316895e+00
1.035764455795288086e+00
3.143469393253326416e-01
2.536082267761230469e-01
-1.123339980840682983e-01
9.277321100234985352e-01
2.851639688014984131e-01
-2.426500469446182251e-01
7.355159521102905273e-01
5.038082599639892578e-01
-9.893220067024230957e-01
-4.697283506393432617e-01
-5.341888666152954102e-01
-5.546552538871765137e-01
-9.270950555801391602e-01
1.353045701980590820e+00
-6.899642944335937500e-01
3.811866641044616699e-01
-1.339772343635559082e+00
-9.553325176239013672e-01
9.680761098861694336e-01
-2.687685489654541016e-01
-1.561409115791320801e+00
-7.519460916519165039e-01
-7.122602462768554688e-01
2.921065092086791992e-01
-7.916685342788696289e-01
-4.504056870937347412e-01
3.908132910728454590e-01
-1.947559595108032227e+00
1.089241623878479004e+00
2.838585376739501953e-01
1.061266660690307617e-01
-1.742688655853271484e+00
5.816399455070495605e-01
-1.382724046707153320e-01
1.785119175910949707e-01
1.258723974227905273e+00
6.088073253631591797e-01
1.543011426925659180e+00
