-3.040428161621093750e-01
1.064060688018798828e+00
-1.298237144947052002e-01
5.869932770729064941e-01
9.160023927688598633e-02
1.408827781677246094e+00
6.977909207344055176e-01
-5.022983551025390625e-01
-3.017427027225494385e-01
2.012523174285888672e+00
-5.145826339721679688e-01
-4.452701210975646973e-01
-1.846909999847412109e+00
-2.844455242156982422e+00
9.842869043350219727e-01
-3.329164385795593262e-01
1.442319035530090332e+00
-5.251532196998596191e-01
1.331033229827880859e+00
-2.269793987274169922e+00
6.768769025802612305e-01
-9.097621440887451172e-01
-4.718821942806243896e-01
6.771004796028137207e-01
-8.916471600532531738e-01
-3.418432772159576416e-01
-2.417219579219818115e-01
-5.140200257301330566e-01
-2.199226468801498413e-01
1.802421361207962036e-01
-7.396924495697021484e-01
-6.720888614654541016e-02
-5.247972607612609863e-01
1.106891989707946777e+00
2.189557790756225586e+00
-5.207095742225646973e-01
-2.780005931854248047e-01
-5.571125745773315430e-01
2.159518301486968994e-01
-1.007568001747131348e+00
-3.829520046710968018e-01
-2.677295506000518799e-01
-1.878933072090148926e+00
1.974102735519409180e+00
-1.445215702056884766e+00
4.580132365226745605e-01
-3.896127343177795410e-01
1.214577555656433105e+00
-2.436701208353042603e-01
-3.366408050060272217e-01
6.470630168914794922e-01
5.051625892519950867e-03
-2.100433409214019775e-01
1.961591482162475586e+00
1.130456328392028809e+00
1.235245227813720703e+00
-1.321626007556915283e-01
-2.502109289169311523e+00
-2.044806003570556641e+00
-1.761969804763793945e+00
-2.626676559448242188e+00
-2.162108898162841797e+00
9.160865545272827148e-01
-1.015431046485900879e+00
9.937031865119934082e-01
1.093587756156921387e+00
-9.677746295928955078e-01
8.328623771667480469e-01
-7.487205862998962402e-01
1.053890705108642578e+00
1.182072520256042480e+00
-3.171275258064270020e-01
-1.024158746004104614e-01
-4.535604715347290039e-01
5.581569671630859375e-01
9.254976511001586914e-01
-6.026839017868041992e-01
1.158376097679138184e+00
-1.752978563308715820e+00
1.764884829521179199e+00
-3.963569402694702148e-01
-4.645438790321350098e-01
-1.436776995658874512e+00
-1.021164536476135254e+00
1.227634310722351074e+00
-6.672385334968566895e-01
-8.869685530662536621e-01
-1.118539333343505859e+00
-9.074383974075317383e-01
1.111272215843200684e+00
4.192325770854949951e-01
-2.772111892700195312e-01
-6.871624290943145752e-02
8.348593115806579590e-01
1.465885639190673828e-01
-4.378320276737213135e-01
1.062668681144714355e+00
7.608238458633422852e-01
-8.778338432312011719e-01
-5.673854053020477295e-02
-4.035907387733459473e-01
-4.248630702495574951e-01
-8.729164004325866699e-01
1.914679288864135742e+00
-7.386345863342285156e-01
6.704320907592773438e-01
-1.433052778244018555e+00
-8.966552019119262695e-01
4.351322650909423828e-01
2.090432345867156982e-01
-1.352527856826782227e+00
-1.063525378704071045e-01
-7.061377763748168945e-01
-3.537830710411071777e-01
-9.324616789817810059e-01
-5.859408378601074219e-01
-3.837876617908477783e-01
-2.026202678680419922e+00
8.909901976585388184e-01
-2.185331135988235474e-01
2.083489596843719482e-01
-1.697134852409362793e+00
6.568202376365661621e-01
-2.567917406558990479e-01
-3.429189920425415039e-01
9.309780001640319824e-01
6.812095046043395996e-01
1.563987493515014648e+00
