9.947069883346557617e-01
1.874506831169128418e+00
-3.244837522506713867e-01
-2.694077789783477783e-01
1.138315796852111816e+00
1.582939386367797852e+00
8.984408974647521973e-01
-9.934343695640563965e-01
5.239669084548950195e-01
1.694914340972900391e+00
-1.921076774597167969e-01
-6.050531864166259766e-01
-2.555886507034301758e+00
-1.524630904197692871e+00
4.725164473056793213e-01
-1.010299444198608398e+00
1.276558041572570801e+00
-6.372790932655334473e-01
1.645664691925048828e+00
-2.467035055160522461e+00
7.982261180877685547e-01
-1.330879211425781250e+00
1.324537992477416992e-01
8.786630034446716309e-01
-3.273814916610717773e-01
-1.641999781131744385e-01
3.618595600128173828e-01
-1.598748087882995605e+00
-4.356865882873535156e-01
8.014436960220336914e-01
-8.659274578094482422e-01
4.020395278930664062e-01
-1.113119959831237793e+00
1.460314631462097168e+00
2.090459346771240234e+00
-3.372227549552917480e-01
-4.306809604167938232e-01
5.247746706008911133e-01
-3.135800361633300781e-01
7.746402919292449951e-02
1.926941722631454468e-01
-8.056070804595947266e-01
-1.009201169013977051e+00
2.040361404418945312e+00
-1.527980566024780273e+00
-3.786620199680328369e-01
-7.451236248016357422e-01
1.426787137985229492e+00
4.822771549224853516e-01
-2.742681503295898438e-01
-3.001254200935363770e-01
-5.289805307984352112e-02
7.224222421646118164e-01
1.640659570693969727e+00
7.121424674987792969e-01
7.621374130249023438e-01
3.729296028614044189e-01
-2.576180219650268555e+00
-1.880399346351623535e+00
-1.575538873672485352e+00
-2.871743440628051758e+00
-1.125316619873046875e+00
4.158564805984497070e-01
-6.425190567970275879e-01
3.921199142932891846e-01
1.465303897857666016e+00
-1.049971342086791992e+00
9.933912754058837891e-01
-4.301802814006805420e-01
2.029856204986572266e+00
1.587437629699707031e+00
-7.890166342258453369e-02
4.927107393741607666e-01
1.327815353870391846e-01
-5.542342662811279297e-01
1.141942664980888367e-02
3.205446302890777588e-01
1.913465708494186401e-01
-2.182239532470703125e+00
5.709018111228942871e-01
-1.464957296848297119e-01
-2.667376995086669922e-01
-6.647768616676330566e-01
-9.725970625877380371e-01
1.478047966957092285e+00
3.453868627548217773e-01
-4.682380259037017822e-01
-1.904066205024719238e+00
1.795995384454727173e-01
1.149003028869628906e+00
1.670109033584594727e-01
6.521312147378921509e-02
2.553582787513732910e-01
1.372177600860595703e-01
6.329592466354370117e-01
2.531631886959075928e-01
9.537998437881469727e-01
7.698267102241516113e-01
-1.746224403381347656e+00
-1.303448230028152466e-01
-5.934566259384155273e-01
-8.577303290367126465e-01
-8.097267150878906250e-01
1.188857555389404297e+00
-4.461071491241455078e-01
5.217402577400207520e-01
-8.136473298072814941e-01
-5.312013626098632812e-01
8.772718906402587891e-01
-1.808713078498840332e-01
-1.288056373596191406e+00
-3.152720928192138672e-01
-8.460705280303955078e-01
4.670241475105285645e-01
-1.285033583641052246e+00
-8.530749082565307617e-01
-8.213819265365600586e-01
-1.583869934082031250e+00
1.753852009773254395e+00
-2.927741110324859619e-01
4.125247001647949219e-01
-1.076244950294494629e+00
5.448826551437377930e-01
-1.011540770530700684e+00
-1.895512193441390991e-01
1.131538748741149902e+00
1.423775076866149902e+00
1.249397277832031250e+00
