1.983402669429779053e-01
1.498714804649353027e+00
-9.231826663017272949e-01
3.990143835544586182e-01
1.162682414054870605e+00
-5.224177241325378418e-01
1.812660545110702515e-01
-1.234184265136718750e+00
6.179436445236206055e-01
5.134764313697814941e-01
1.099298477172851562e+00
-1.630919218063354492e+00
-1.316376686096191406e+00
-2.522944688796997070e+00
6.718561649322509766e-01
-1.259934008121490479e-01
1.121596217155456543e+00
-1.409355521202087402e+00
2.573276758193969727e-01
-1.627920866012573242e+00
1.035861819982528687e-01
-2.140849530696868896e-01
4.988076537847518921e-02
7.037800550460815430e-01
-8.822513818740844727e-01
-1.024002790451049805e+00
6.613477468490600586e-01
1.602522730827331543e-01
-7.149912714958190918e-01
1.563996911048889160e+00
-3.185503184795379639e-02
-2.393923252820968628e-01
-2.889068424701690674e-01
-2.847299873828887939e-01
1.639892101287841797e+00
-2.533253133296966553e-01
1.273313164710998535e-01
-5.965894460678100586e-01
2.787076830863952637e-01
4.780954420566558838e-01
-9.653626084327697754e-01
-1.081455469131469727e+00
-9.893442392349243164e-01
7.391244173049926758e-01
-1.722087025642395020e+00
6.496015191078186035e-01
-6.982149481773376465e-01
2.488066405057907104e-01
-6.748502254486083984e-01
-2.686579227447509766e-01
8.517939448356628418e-01
-4.666813090443611145e-02
4.519917070865631104e-01
1.174183487892150879e+00
1.259042173624038696e-01
1.829245984554290771e-01
3.464361131191253662e-01
-1.206406831741333008e+00
-2.091825008392333984e+00
-2.507721185684204102e+00
-1.562171339988708496e+00
-8.844693303108215332e-01
2.042073160409927368e-01
4.651750326156616211e-01
7.407914400100708008e-01
1.004244327545166016e+00
-7.454427331686019897e-02
5.260386466979980469e-01
-9.762929677963256836e-01
4.003848433494567871e-01
1.355370759963989258e+00
-1.208611369132995605e+00
1.118273138999938965e+00
-1.083653092384338379e+00
-6.719799637794494629e-01
2.242841958999633789e+00
9.332211017608642578e-01
2.197678565979003906e+00
-1.510894894599914551e+00
-6.235025525093078613e-01
-3.063226342201232910e-01
1.404510855674743652e+00
-8.723706603050231934e-01
-2.483243346214294434e-01
7.008653879165649414e-01
-1.326577305793762207e+00
-8.752218484878540039e-01
-1.785656452178955078e+00
-1.834718823432922363e+00
3.063589930534362793e-01
1.990245819091796875e+00
-2.515744268894195557e-01
1.348073780536651611e-01
6.801921129226684570e-01
-1.930119395256042480e-01
3.166953921318054199e-01
4.986806809902191162e-01
1.286821007728576660e+00
-2.353359937667846680e+00
-1.081441044807434082e+00
-1.049525022506713867e+00
-8.953366428613662720e-02
9.325623512268066406e-01
3.392633795738220215e-01
-3.989636898040771484e-01
3.247429728507995605e-01
-2.913068532943725586e-01
5.405137538909912109e-01
6.212613582611083984e-01
-5.368489027023315430e-01
-1.438143134117126465e+00
-1.344840079545974731e-01
4.600906670093536377e-01
2.846493199467658997e-02
-7.300626635551452637e-01
4.419966638088226318e-01
-6.105246022343635559e-03
-1.305243372917175293e+00
3.095442354679107666e-01
1.109081268310546875e+00
-2.809689640998840332e-01
-1.276421546936035156e+00
9.872033596038818359e-01
-1.046057581901550293e+00
1.716285824775695801e+00
-7.111477255821228027e-01
-1.174758523702621460e-01
5.536919832229614258e-01
