-5.397874116897583008e-01
2.122828245162963867e+00
-1.047433391213417053e-01
-1.513677239418029785e-01
3.682540059089660645e-01
-3.803770989179611206e-03
1.019985795021057129e+00
-1.593262910842895508e+00
-2.799210846424102783e-01
1.120726346969604492e+00
1.659863889217376709e-01
-3.503246009349822998e-01
-2.053617238998413086e+00
-2.663427591323852539e+00
1.042409777641296387e+00
6.389091610908508301e-01
1.726174116134643555e+00
-1.151659369468688965e+00
9.342380762100219727e-01
-1.698406338691711426e+00
5.725624561309814453e-01
-1.614707231521606445e+00
-4.334320425987243652e-01
7.603313326835632324e-01
-1.839800953865051270e+00
-1.136836528778076172e+00
4.980416595935821533e-01
-3.190028369426727295e-01
-9.372839927673339844e-01
1.592061161994934082e+00
-5.247566699981689453e-01
-2.638436853885650635e-01
-3.246424794197082520e-01
9.435880184173583984e-01
1.396217703819274902e+00
-6.585693955421447754e-01
-1.636592149734497070e-01
-8.251485824584960938e-01
4.623802900314331055e-01
-1.334269642829895020e-01
-1.113971590995788574e+00
-1.065742373466491699e+00
-2.564252853393554688e+00
1.915627241134643555e+00
-1.623951435089111328e+00
-8.054929226636886597e-02
-7.088455557823181152e-01
1.083502888679504395e+00
-7.092352509498596191e-01
-3.139978647232055664e-01
1.772808283567428589e-01
2.943541705608367920e-01
1.986878812313079834e-01
1.879106640815734863e+00
6.926152110099792480e-01
1.128312945365905762e+00
-6.580089032649993896e-02
-1.438529729843139648e+00
-2.022559165954589844e+00
-1.346000790596008301e+00
-2.505835294723510742e+00
-1.354543685913085938e+00
3.545306026935577393e-01
6.076213344931602478e-02
1.134248495101928711e+00
9.969898462295532227e-01
-3.238609731197357178e-01
8.770306110382080078e-01
-7.532334923744201660e-01
1.368385672569274902e+00
1.309009313583374023e+00
-5.224655270576477051e-01
1.098524928092956543e+00
-4.600654244422912598e-01
1.528028249740600586e-01
1.750596523284912109e+00
2.255234122276306152e-02
1.124908208847045898e+00
-1.850592017173767090e+00
-3.879613280296325684e-01
-7.020367980003356934e-01
1.696163415908813477e-01
-1.946348547935485840e+00
-9.679115414619445801e-01
1.414045095443725586e+00
-6.821504831314086914e-01
-1.106401205062866211e+00
-2.447933435440063477e+00
-1.961536049842834473e+00
7.487739324569702148e-01
9.669751524925231934e-01
-3.754765093326568604e-01
4.141201674938201904e-01
1.678756251931190491e-02
-2.027211785316467285e-01
-1.355272233486175537e-01
5.458689332008361816e-01
9.277085065841674805e-01
-1.917316913604736328e+00
-5.198206901550292969e-01
-8.797240853309631348e-01
6.798312067985534668e-01
-3.166902065277099609e-01
9.573310017585754395e-01
-3.654323518276214600e-01
-3.665062785148620605e-02
-1.412828564643859863e+00
-5.440477132797241211e-01
2.049410343170166016e-02
-1.948097646236419678e-01
-1.931584477424621582e+00
6.228874921798706055e-01
-4.857189208269119263e-02
-3.706677556037902832e-01
-1.608428597450256348e+00
4.166891574859619141e-01
-3.306747376918792725e-01
-1.620433330535888672e+00
-2.027492821216583252e-01
1.371315479278564453e+00
3.047804534435272217e-01
-1.547633409500122070e+00
1.301763772964477539e+00
-1.589959025382995605e+00
4.333480000495910645e-01
2.102736830711364746e-01
8.020496368408203125e-01
1.338710308074951172e+00
