-2.396253943443298340e-01
2.075217723846435547e+00
3.229323029518127441e-02
2.599830925464630127e-01
6.221840381622314453e-01
1.144516348838806152e+00
1.865261197090148926e+00
-9.609560370445251465e-01
-5.693905353546142578e-01
2.042708396911621094e+00
-1.636986434459686279e-01
-5.717201828956604004e-01
-2.394232273101806641e+00
-2.617587089538574219e+00
7.556376457214355469e-01
1.793417036533355713e-01
1.442572593688964844e+00
-1.107298135757446289e+00
8.641217947006225586e-01
-2.416143655776977539e+00
8.763451576232910156e-01
-1.367348194122314453e+00
-4.247372746467590332e-01
5.370396971702575684e-01
-1.745566844940185547e+00
-9.661640524864196777e-01
4.038499891757965088e-01
-2.783020436763763428e-01
-1.030185699462890625e+00
1.239126801490783691e+00
-4.657030999660491943e-01
1.794316917657852173e-01
-1.010236620903015137e+00
1.150521755218505859e+00
2.066296339035034180e+00
-1.021314024925231934e+00
-8.674779534339904785e-01
-1.041481018066406250e+00
-1.241845190525054932e-01
-4.803058803081512451e-01
-5.752750635147094727e-01
-9.991999268531799316e-01
-2.181183099746704102e+00
2.223423957824707031e+00
-4.272255599498748779e-01
3.660240173339843750e-01
4.483501985669136047e-02
1.416894078254699707e+00
-5.011883974075317383e-01
-7.614731788635253906e-02
-7.756295204162597656e-01
5.472614169120788574e-01
6.051324680447578430e-02
2.187927722930908203e+00
2.923407256603240967e-01
1.645582914352416992e+00
-3.029828965663909912e-01
-2.034044742584228516e+00
-2.099312782287597656e+00
-1.717399120330810547e+00
-2.694454669952392578e+00
-8.787134289741516113e-01
7.480593323707580566e-01
1.811925694346427917e-02
8.058676123619079590e-01
1.126313686370849609e+00
-8.449340462684631348e-01
1.041669726371765137e+00
-3.183047473430633545e-01
1.179191112518310547e+00
1.023209452629089355e+00
-1.873121708631515503e-01
1.159981966018676758e+00
-3.349616825580596924e-01
-9.708984196186065674e-02
9.028239250183105469e-01
-2.417189925909042358e-01
9.007554650306701660e-01
-1.835656523704528809e+00
8.020012378692626953e-01
-5.661506056785583496e-01
-3.815740346908569336e-01
-1.527229428291320801e+00
-1.605513215065002441e+00
1.743684530258178711e+00
-9.704721570014953613e-01
-5.282117724418640137e-01
-2.066249132156372070e+00
-6.191918849945068359e-01
1.112703561782836914e+00
-2.268234640359878540e-02
-2.930723130702972412e-03
3.462804257869720459e-01
6.054788231849670410e-01
1.081029057502746582e+00
-3.081490695476531982e-01
1.042758822441101074e+00
7.551422119140625000e-01
-1.289353370666503906e+00
3.858912289142608643e-01
-6.141749024391174316e-01
6.083385348320007324e-01
-8.658788800239562988e-01
1.673130035400390625e+00
-1.162901818752288818e-01
4.983120560646057129e-01
-1.134378314018249512e+00
4.353948682546615601e-02
1.584342867136001587e-01
-2.667517066001892090e-01
-1.548525691032409668e+00
3.714498281478881836e-01
-5.466917753219604492e-01
2.572242319583892822e-01
-2.042597532272338867e+00
7.125211954116821289e-01
-2.428861409425735474e-01
-1.399453520774841309e+00
-1.137546971440315247e-01
-4.671669006347656250e-02
5.035964846611022949e-01
-7.018215656280517578e-01
9.278300404548645020e-01
-8.945561647415161133e-01
-2.049357444047927856e-01
3.923694789409637451e-01
5.904401540756225586e-01
1.108786582946777344e+00
