1.069513678550720215e+00
9.893534183502197266e-01
6.968969106674194336e-01
5.604770779609680176e-01
-7.585592269897460938e-01
1.203687563538551331e-01
1.506365418434143066e+00
-2.226440906524658203e+00
-9.659404754638671875e-01
4.708746671676635742e-01
-4.821373224258422852e-01
7.599600553512573242e-01
6.423323750495910645e-01
1.809845566749572754e+00
2.378162145614624023e-01
-1.253669857978820801e+00
4.742784500122070312e-01
-2.686908245086669922e+00
-1.244125366210937500e+00
1.418183445930480957e+00
-7.654845714569091797e-01
-5.150368213653564453e-01
2.713465690612792969e-01
-1.743176460266113281e+00
7.775635719299316406e-01
-6.349272727966308594e-01
9.842238426208496094e-01
-2.214869558811187744e-01
-3.924894928932189941e-01
7.910448908805847168e-01
5.088543295860290527e-01
-1.687438249588012695e+00
3.347139358520507812e-01
-6.774917840957641602e-01
7.896006703376770020e-01
1.817436069250106812e-01
7.066279649734497070e-01
-8.398681879043579102e-01
1.070730686187744141e-01
4.391761124134063721e-01
-3.764038383960723877e-01
8.503336906433105469e-01
-6.147364377975463867e-01
6.861886382102966309e-02
4.532178938388824463e-01
-1.255716800689697266e+00
-8.858940601348876953e-01
2.042934417724609375e+00
-1.705750703811645508e+00
-3.574436604976654053e-01
-4.991106986999511719e-01
1.935793638229370117e+00
-9.992778301239013672e-01
-4.702893197536468506e-01
-2.057574093341827393e-01
3.024837970733642578e-01
1.744678378105163574e+00
1.678761959075927734e+00
-6.166442036628723145e-01
-4.777835011482238770e-01
1.661883711814880371e+00
6.471744179725646973e-01
1.159154057502746582e+00
2.824984490871429443e-01
-7.729895710945129395e-01
1.408838868141174316e+00
-9.870700836181640625e-01
2.296807050704956055e+00
-5.531575083732604980e-01
1.068231940269470215e+00
5.497761368751525879e-01
2.253682911396026611e-02
5.133135244250297546e-03
-9.855415821075439453e-01
-2.852851152420043945e-01
3.727520406246185303e-01
1.055224418640136719e+00
-2.001003265380859375e+00
6.422722935676574707e-01
-1.071192622184753418e+00
5.342968106269836426e-01
1.671619296073913574e+00
8.396725654602050781e-01
1.742791533470153809e+00
2.921319007873535156e-01
-9.927979707717895508e-01
6.819528341293334961e-01
-1.247482538223266602e+00
-3.432777523994445801e-02
-1.843805789947509766e+00
-2.362237930297851562e+00
-8.156865239143371582e-01
3.050490140914916992e+00
3.158293068408966064e-01
1.190594285726547241e-01
8.800629973411560059e-01
9.608813524246215820e-01
1.495793819427490234e+00
-1.107116699218750000e+00
7.131484746932983398e-01
7.027425169944763184e-01
7.849819660186767578e-01
-1.460974454879760742e+00
6.047170162200927734e-01
-2.593399882316589355e-01
-1.547305434942245483e-01
-1.946385949850082397e-01
-9.348889589309692383e-01
6.566956043243408203e-01
-1.258568316698074341e-01
-1.207088232040405273e+00
9.381736516952514648e-01
2.544199943542480469e+00
-1.262649774551391602e+00
-7.126370668411254883e-01
1.092869281768798828e+00
-1.976447463035583496e+00
1.644453048706054688e+00
1.092085123062133789e+00
4.588055312633514404e-01
1.396004080772399902e+00
8.963992595672607422e-01
1.021576166152954102e+00
-1.500368475914001465e+00
2.108659267425537109e+00
9.595064520835876465e-01
6.552429199218750000e-01
1.447867274284362793e+00
