1.321068525314331055e+00
5.617007017135620117e-01
2.268221676349639893e-01
6.507450938224792480e-01
-1.712981581687927246e+00
9.609626531600952148e-01
6.950516104698181152e-01
-2.431271553039550781e+00
-1.028630852699279785e+00
7.845508456230163574e-01
-1.153390645980834961e+00
1.677518337965011597e-01
-6.151964664459228516e-01
8.704211711883544922e-01
1.979226619005203247e-01
-8.724367618560791016e-01
2.466330304741859436e-02
-7.660160660743713379e-01
-2.524088919162750244e-01
1.175708055496215820e+00
1.374688744544982910e-01
-1.040080189704895020e+00
5.468931198120117188e-01
-1.683939814567565918e+00
1.490243673324584961e+00
-1.235904574394226074e+00
-2.856210768222808838e-01
2.029630392789840698e-01
-8.824024200439453125e-01
1.257502198219299316e+00
3.630958795547485352e-01
-1.556445360183715820e+00
-3.056235909461975098e-01
-4.560432136058807373e-01
3.582423925399780273e-01
-8.065451383590698242e-01
1.011364221572875977e+00
-1.073597908020019531e+00
9.523700177669525146e-02
3.489272594451904297e-01
2.742382884025573730e-01
2.342095077037811279e-01
-4.265742599964141846e-01
-4.295751750469207764e-01
9.305529594421386719e-01
-9.585536718368530273e-01
-1.484102457761764526e-01
2.830410480499267578e+00
-2.021701097488403320e+00
-4.222643375396728516e-02
-1.074722886085510254e+00
1.674402594566345215e+00
-7.462000250816345215e-01
1.365800201892852783e-01
9.343466162681579590e-02
7.298795580863952637e-01
1.446547031402587891e+00
1.257290005683898926e+00
2.788180485367774963e-03
-1.847063601016998291e-01
2.592115163803100586e+00
3.880589008331298828e-01
1.378121972084045410e+00
9.550929069519042969e-01
-2.971507012844085693e-01
1.819253325462341309e+00
-4.486128091812133789e-01
2.565813541412353516e+00
-9.869066476821899414e-01
-2.935655228793621063e-02
9.395349770784378052e-02
-3.253511190414428711e-01
1.266986489295959473e+00
-6.860398650169372559e-01
-3.460624814033508301e-01
6.087556481361389160e-01
1.016474366188049316e+00
-1.287906527519226074e+00
4.217953085899353027e-01
-6.229435801506042480e-01
-4.629995822906494141e-01
7.761524915695190430e-01
1.195939928293228149e-01
2.051789283752441406e+00
1.204497218132019043e+00
-1.987142205238342285e+00
2.863365113735198975e-01
-1.297225236892700195e+00
1.414835602045059204e-01
-8.134106397628784180e-01
-1.505392551422119141e+00
-9.772077202796936035e-01
2.802388191223144531e+00
9.101915359497070312e-01
-3.310497105121612549e-01
-1.127585843205451965e-01
1.247119903564453125e+00
1.761095762252807617e+00
-1.847129344940185547e+00
4.214827716350555420e-01
1.392187237739562988e+00
8.538605570793151855e-01
-5.320289731025695801e-01
3.254925608634948730e-01
-4.833559095859527588e-01
-5.019638538360595703e-01
-1.056146740913391113e+00
-3.845861256122589111e-01
2.782909274101257324e-01
3.844230622053146362e-02
-1.233971595764160156e+00
1.300950527191162109e+00
2.406458616256713867e+00
-1.634447693824768066e+00
-9.443370103836059570e-01
2.865978479385375977e-01
-1.735650777816772461e+00
1.899032354354858398e+00
5.947731137275695801e-01
1.083324670791625977e+00
1.356006979942321777e+00
1.132746338844299316e+00
1.039984107017517090e+00
-4.392729699611663818e-01
1.756707310676574707e+00
1.799438595771789551e-01
5.292697548866271973e-01
1.497558951377868652e+00
