7.235723733901977539e-01
2.446394562721252441e-01
3.301344811916351318e-01
1.267772555351257324e+00
-8.669151067733764648e-01
6.007203832268714905e-03
1.567518711090087891e+00
-2.344951629638671875e+00
-9.696797728538513184e-01
4.770202338695526123e-01
-1.425175964832305908e-01
1.244345903396606445e+00
7.994310259819030762e-01
1.244913339614868164e+00
2.884528636932373047e-01
-9.211729764938354492e-01
4.712688922882080078e-01
-1.829497814178466797e+00
-2.166670322418212891e+00
2.207924127578735352e+00
-3.461713194847106934e-01
-8.857364058494567871e-01
-2.101027593016624451e-02
-1.552122235298156738e+00
6.312237977981567383e-01
-6.776398420333862305e-01
1.013434886932373047e+00
-7.717135548591613770e-01
3.261292576789855957e-01
6.295656561851501465e-01
7.379281520843505859e-01
-1.861156940460205078e+00
7.838501781225204468e-02
-1.150277972221374512e+00
6.519237756729125977e-01
-4.826930761337280273e-01
8.910400867462158203e-01
-7.096815109252929688e-01
1.336756646633148193e-01
6.137292459607124329e-02
2.056624442338943481e-01
9.820438623428344727e-01
-5.189644098281860352e-01
-2.405514866113662720e-01
-1.735622435808181763e-01
-1.900505900382995605e+00
-1.264317333698272705e-01
1.985750555992126465e+00
-1.752570986747741699e+00
-6.508258730173110962e-02
-5.800422430038452148e-01
1.260941505432128906e+00
-6.643588542938232422e-01
-2.824424207210540771e-01
4.939398765563964844e-01
3.215616047382354736e-01
2.641800403594970703e+00
1.989327430725097656e+00
-5.805814266204833984e-02
-2.007085978984832764e-01
1.668864488601684570e+00
4.492464661598205566e-01
1.192576527595520020e+00
7.610617280006408691e-01
-1.557445228099822998e-01
2.100483417510986328e+00
-5.506374239921569824e-01
2.333164691925048828e+00
-9.850459694862365723e-01
1.049797177314758301e+00
1.586615890264511108e-01
3.571715056896209717e-01
-7.012096047401428223e-02
8.688457310199737549e-02
4.097954183816909790e-02
7.970052212476730347e-02
8.933495283126831055e-01
-1.851521730422973633e+00
4.282386302947998047e-01
-9.491174817085266113e-01
-6.436113715171813965e-01
9.496111869812011719e-01
8.321735262870788574e-01
1.539914965629577637e+00
7.659586071968078613e-01
-4.485309123992919922e-01
4.407328665256500244e-01
-9.343680739402770996e-01
-1.593586057424545288e-01
-1.635784506797790527e+00
-2.053698301315307617e+00
-7.715027928352355957e-01
2.887065172195434570e+00
1.968043148517608643e-01
-2.023340761661529541e-01
5.481941103935241699e-01
1.454546928405761719e+00
1.305302619934082031e+00
-6.217762231826782227e-01
-3.724883794784545898e-01
2.195574194192886353e-01
7.251949906349182129e-01
-1.306987166404724121e+00
9.735566973686218262e-01
7.899355292320251465e-01
-2.019747495651245117e-01
1.909966319799423218e-01
-9.604355096817016602e-01
1.289244413375854492e+00
4.267028570175170898e-01
-6.514926552772521973e-01
1.386371970176696777e+00
3.094675779342651367e+00
-1.596378087997436523e+00
-1.349173426628112793e+00
6.121313571929931641e-01
-2.045393943786621094e+00
2.214119911193847656e+00
1.154920101165771484e+00
2.386078387498855591e-01
1.587652325630187988e+00
7.742507457733154297e-01
1.176577210426330566e+00
-1.857970356941223145e+00
1.293421983718872070e+00
1.251912951469421387e+00
-9.125646203756332397e-03
8.434236049652099609e-01
