8.169890642166137695e-01
1.417101502418518066e+00
-1.133337855339050293e+00
6.323737502098083496e-01
4.307466000318527222e-02
5.744246244430541992e-01
-2.741079330444335938e-01
-1.791013181209564209e-01
2.265481054782867432e-01
-3.265046179294586182e-01
7.724717855453491211e-01
-5.451783537864685059e-01
-8.658987283706665039e-01
3.443168699741363525e-01
-1.046831846237182617e+00
-6.819850802421569824e-01
-1.893500447273254395e+00
-2.445672750473022461e+00
-9.072667360305786133e-01
4.294299185276031494e-01
3.748610913753509521e-01
1.261123657226562500e+00
7.576041817665100098e-01
-4.280501306056976318e-01
2.529818296432495117e+00
-9.455162882804870605e-01
-3.532226383686065674e-01
-2.252497673034667969e+00
1.151393532752990723e+00
-7.316091656684875488e-01
5.859625339508056641e-01
-1.956614375114440918e+00
1.212529167532920837e-01
2.600496709346771240e-01
-7.848975062370300293e-01
5.026928782463073730e-01
-3.889549151062965393e-02
1.038021445274353027e+00
4.368382096290588379e-01
-1.078718543052673340e+00
6.916914880275726318e-02
1.139807581901550293e+00
-2.121244430541992188e+00
3.577738702297210693e-01
-7.894852161407470703e-01
-1.668745577335357666e-01
-6.181091666221618652e-01
7.965885400772094727e-01
2.606166154146194458e-02
-9.050282835960388184e-02
-8.816084861755371094e-01
1.695213913917541504e+00
5.800704956054687500e-01
-7.911397814750671387e-01
-7.284478545188903809e-01
-2.135448902845382690e-01
1.171249032020568848e+00
-1.243491888046264648e+00
4.890175759792327881e-01
2.344378829002380371e-01
1.072774529457092285e+00
-1.264252364635467529e-01
-5.009092092514038086e-01
-1.950956344604492188e+00
-2.758014798164367676e-01
-9.972387552261352539e-02
-8.755268454551696777e-01
7.854484915733337402e-01
-2.270436525344848633e+00
2.046499699354171753e-01
-6.809070110321044922e-01
-4.468713104724884033e-01
-2.985476016998291016e+00
-2.201126813888549805e+00
8.582394123077392578e-01
2.552530169486999512e-01
4.181943833827972412e-01
2.217004060745239258e+00
-4.075512290000915527e-01
1.516440510749816895e-01
4.122455716133117676e-01
-3.545356392860412598e-01
1.556434929370880127e-01
9.842469692230224609e-01
8.999402523040771484e-01
1.491112828254699707e+00
-1.473498344421386719e+00
3.316931128501892090e-01
4.665496945381164551e-02
-2.196081399917602539e+00
1.934645056724548340e+00
-6.644250154495239258e-01
2.047471523284912109e+00
-1.930085122585296631e-01
5.616458058357238770e-01
1.044113039970397949e+00
-1.783329099416732788e-01
-6.657187938690185547e-01
3.058147728443145752e-01
-5.821416974067687988e-01
-6.858258247375488281e-01
-5.115777254104614258e-01
-6.864072382450103760e-02
-2.484483420848846436e-01
2.247251868247985840e-01
9.864230453968048096e-02
3.460438251495361328e-01
1.240440726280212402e+00
-6.287428140640258789e-01
7.164437770843505859e-01
-8.905048966407775879e-01
-7.460432648658752441e-01
7.387036085128784180e-01
-1.054808139801025391e+00
-1.247177347540855408e-01
4.399874508380889893e-01
-2.017694234848022461e+00
-1.069017052650451660e-01
-1.353051066398620605e-01
8.909627795219421387e-01
9.144983887672424316e-01
-7.559639215469360352e-01
-7.606261372566223145e-01
-7.492485642433166504e-02
2.348131656646728516e+00
-2.018738985061645508e+00
-1.093210339546203613e+00
1.086865067481994629e+00
