4.534762203693389893e-01
1.598805636167526245e-01
-4.223572015762329102e-01
4.990976154804229736e-01
-2.059366106986999512e-01
7.325012087821960449e-01
2.232729643583297729e-01
6.293404102325439453e-01
3.900506198406219482e-01
-6.589239835739135742e-01
6.137133240699768066e-01
-7.641897201538085938e-01
-1.401063442230224609e+00
4.313314259052276611e-01
-1.259633302688598633e+00
-1.421045541763305664e+00
-1.183810234069824219e+00
-1.838204026222229004e+00
2.908816337585449219e-01
1.062293052673339844e+00
8.205479383468627930e-01
1.334442049264907837e-01
8.172024488449096680e-01
-1.479007124900817871e+00
2.344108343124389648e+00
-3.217506110668182373e-01
1.001751899719238281e+00
-2.543949127197265625e+00
6.629559993743896484e-01
-6.440133452415466309e-01
1.483938097953796387e-02
-1.277992606163024902e+00
6.320928335189819336e-01
-5.207183361053466797e-01
-3.782908022403717041e-01
5.879881381988525391e-01
-2.475711405277252197e-01
-8.893340826034545898e-03
8.087170124053955078e-01
-8.511189222335815430e-01
-8.869085907936096191e-01
4.570476114749908447e-01
-2.735350847244262695e+00
-5.116850882768630981e-02
-3.110498487949371338e-01
-6.619126200675964355e-01
-1.226278185844421387e+00
8.694734573364257812e-01
7.930834591388702393e-02
-1.000185459852218628e-01
-9.958409667015075684e-01
1.702902197837829590e+00
5.844896435737609863e-01
-8.294628262519836426e-01
-1.801002472639083862e-01
-1.010703682899475098e+00
1.442748308181762695e+00
3.974537923932075500e-02
1.121847108006477356e-01
-1.253420114517211914e-01
5.307395458221435547e-01
-8.267881274223327637e-01
4.212132990360260010e-01
-2.412981986999511719e+00
-6.862992644309997559e-01
6.450075507164001465e-01
-3.600113987922668457e-01
8.204612135887145996e-01
-2.141097545623779297e+00
1.219288229942321777e+00
-7.719795405864715576e-02
-1.553239822387695312e+00
-2.365306854248046875e+00
-1.847840189933776855e+00
1.190801382064819336e+00
3.215301781892776489e-02
7.499898672103881836e-01
2.055016994476318359e+00
-3.781366348266601562e-01
1.172480821609497070e+00
9.399551898241043091e-03
-2.608401477336883545e-01
5.052059888839721680e-01
-2.438146471977233887e-01
1.474243044853210449e+00
2.378248214721679688e+00
-2.038517475128173828e+00
-1.723908483982086182e-01
1.867745816707611084e-01
-1.340356945991516113e+00
1.629252076148986816e+00
-1.218722015619277954e-01
5.642806887626647949e-01
-4.972516745328903198e-02
-1.205510139465332031e+00
1.434842824935913086e+00
-1.319233417510986328e+00
-7.103785276412963867e-01
-6.262470483779907227e-01
-2.502442896366119385e-01
-1.053801417350769043e+00
-1.239503398537635803e-01
1.610118508338928223e+00
-5.020233392715454102e-01
1.422595977783203125e-01
-9.690100327134132385e-03
7.982997894287109375e-01
1.305568575859069824e+00
-2.411327809095382690e-01
1.052485704421997070e+00
-1.189256906509399414e+00
-7.805249691009521484e-01
4.854834675788879395e-01
-1.416211128234863281e+00
4.240438342094421387e-01
2.330563366413116455e-01
-1.629158139228820801e+00
7.781942188739776611e-02
7.843682765960693359e-01
-5.281084775924682617e-02
1.069441199302673340e+00
-7.298195362091064453e-01
-1.166930198669433594e+00
-2.027263790369033813e-01
2.231689929962158203e+00
-1.569716095924377441e+00
-1.107578754425048828e+00
1.602594375610351562e+00
