-3.968870937824249268e-01
-2.013029307126998901e-01
-6.590604037046432495e-02
-3.065160661935806274e-02
-9.857550263404846191e-01
-1.042064547538757324e+00
-9.828335046768188477e-02
-9.573897123336791992e-01
-1.535470485687255859e-01
1.486177086830139160e+00
1.180511236190795898e+00
-6.944727301597595215e-01
-1.666237950325012207e+00
-1.388102471828460693e-01
-9.485824108123779297e-01
1.376966834068298340e-01
3.710900247097015381e-01
-5.091416835784912109e-02
6.091949343681335449e-01
-1.402279853820800781e+00
5.708209276199340820e-01
-1.358929276466369629e+00
-1.023932844400405884e-01
1.083109140396118164e+00
1.150489568710327148e+00
-8.953074216842651367e-01
7.560844421386718750e-01
-1.331455230712890625e+00
-8.263289332389831543e-01
3.981891274452209473e-01
2.536457777023315430e-01
-3.343413472175598145e-01
1.145224332809448242e+00
-3.027341365814208984e-01
4.994118213653564453e-01
4.593273699283599854e-01
6.773637533187866211e-01
1.168542802333831787e-01
6.303459405899047852e-01
1.658128142356872559e+00
-1.442865133285522461e-01
-4.603430628776550293e-01
2.465001583099365234e+00
3.069111108779907227e+00
6.668576970696449280e-03
-6.519951820373535156e-01
-5.455837249755859375e-01
1.204879641532897949e+00
-8.185291886329650879e-01
1.954487413167953491e-01
-6.651177406311035156e-01
-6.100468039512634277e-01
-8.840401768684387207e-01
3.960948884487152100e-01
1.073630005121231079e-01
8.176332116127014160e-01
1.045603752136230469e+00
1.633938908576965332e+00
-1.180580258369445801e+00
-8.815082907676696777e-01
-6.491302251815795898e-01
-1.340825915336608887e+00
-1.287544012069702148e+00
-2.068382024765014648e+00
9.955095499753952026e-02
9.428975582122802734e-01
-2.185560941696166992e+00
1.100854635238647461e+00
-2.978843450546264648e+00
-2.080681324005126953e-01
5.042329430580139160e-01
-8.812117576599121094e-02
5.607135295867919922e-01
-1.058854907751083374e-02
-7.634340524673461914e-01
-7.865340709686279297e-01
1.729138493537902832e+00
2.194673866033554077e-01
-1.278312325477600098e+00
9.084483385086059570e-01
-1.543695330619812012e-01
-3.185683190822601318e-01
7.029421329498291016e-01
2.478516399860382080e-01
3.592705130577087402e-01
3.813023865222930908e-01
-1.244630813598632812e+00
-1.307865083217620850e-01
1.898498237133026123e-01
-3.810337483882904053e-01
5.838192254304885864e-02
-1.844485849142074585e-01
1.212078094482421875e+00
5.533916354179382324e-01
-5.778916478157043457e-01
-4.455952644348144531e-01
-1.400278329849243164e+00
4.538363814353942871e-01
-2.908732175827026367e+00
-1.532525777816772461e+00
2.113787978887557983e-01
-1.425871968269348145e+00
1.221514344215393066e+00
-1.609258651733398438e+00
-1.518341064453125000e+00
-2.799937486648559570e+00
6.836311221122741699e-01
-3.621526062488555908e-01
6.946821212768554688e-01
4.056267738342285156e-01
4.860013425350189209e-01
-1.065722942352294922e+00
2.685678243637084961e+00
6.041220426559448242e-01
-1.298487305641174316e+00
-1.608121871948242188e+00
2.489987850189208984e+00
1.511320918798446655e-01
1.089905858039855957e+00
1.706242203712463379e+00
-1.698883920907974243e-01
-7.908751964569091797e-01
8.420443534851074219e-01
8.560258150100708008e-02
2.739127278327941895e-01
7.818616032600402832e-01
9.646396040916442871e-01
1.585290670394897461e+00
