-1.003225803375244141e+00
7.022017240524291992e-02
-8.454288542270660400e-02
-2.289710938930511475e-01
-2.009844034910202026e-01
-1.566743493080139160e+00
1.704782620072364807e-02
-8.907654285430908203e-01
1.120891943573951721e-01
9.214361310005187988e-01
1.136863470077514648e+00
-2.864725291728973389e-01
-1.507400393486022949e+00
-1.489048600196838379e-01
-8.488736152648925781e-01
4.378091096878051758e-01
3.160998225212097168e-01
1.970514208078384399e-01
5.667299032211303711e-01
-1.343334674835205078e+00
5.491259098052978516e-01
-9.739133119583129883e-01
3.426204621791839600e-01
1.337242007255554199e+00
1.179584026336669922e+00
-4.866328239440917969e-01
4.077375531196594238e-01
-1.323487043380737305e+00
-7.978821992874145508e-01
-7.986911386251449585e-02
3.220922648906707764e-01
-3.965540528297424316e-01
1.866050124168395996e+00
-4.033839702606201172e-01
4.721150696277618408e-01
3.733955323696136475e-01
1.130740165710449219e+00
3.860872387886047363e-01
-4.296721518039703369e-02
1.634123682975769043e+00
-5.499860644340515137e-01
-4.165160953998565674e-01
2.070238113403320312e+00
3.033685922622680664e+00
-1.891661137342453003e-01
-1.954175382852554321e-01
-1.017289400100708008e+00
1.215024232864379883e+00
-5.110122561454772949e-01
5.436178445816040039e-01
-2.595590949058532715e-01
-5.404279232025146484e-01
-7.515410780906677246e-01
-7.730675488710403442e-02
5.138322710990905762e-01
7.599781751632690430e-01
6.474746465682983398e-01
1.267727494239807129e+00
-9.196285605430603027e-01
-4.524646401405334473e-01
-3.438560068607330322e-01
-7.986373305320739746e-01
-2.269363403320312500e+00
-2.185336351394653320e+00
-1.939625665545463562e-02
1.080744862556457520e+00
-1.939283847808837891e+00
1.615833520889282227e+00
-2.221723079681396484e+00
1.065898612141609192e-01
3.574027717113494873e-01
-4.883706569671630859e-02
2.771231532096862793e-01
-2.964419722557067871e-01
-9.958198070526123047e-01
-7.408556342124938965e-01
1.794267296791076660e+00
-1.273980289697647095e-01
-1.611582517623901367e+00
4.332455396652221680e-01
-6.408507227897644043e-01
1.483141481876373291e-01
3.204195499420166016e-01
2.451767623424530029e-01
2.313209474086761475e-01
7.654592990875244141e-01
-1.080248951911926270e+00
-4.518720507621765137e-02
3.163626194000244141e-01
-2.324779033660888672e-01
1.577496528625488281e-01
-1.203873455524444580e-01
1.463652968406677246e+00
6.288562715053558350e-02
-4.812827110290527344e-01
-6.285424828529357910e-01
-8.873162269592285156e-01
9.360392689704895020e-01
-2.976522207260131836e+00
-1.395056962966918945e+00
5.663267970085144043e-01
-1.922577500343322754e+00
9.601807594299316406e-01
-1.858033657073974609e+00
-1.680451512336730957e+00
-2.853779792785644531e+00
1.040199756622314453e+00
-6.386729478836059570e-01
8.260201811790466309e-01
6.754680275917053223e-01
-3.508752584457397461e-01
-8.666631579399108887e-01
2.664873123168945312e+00
4.627304971218109131e-01
-1.119461774826049805e+00
-1.486136913299560547e+00
2.306661844253540039e+00
-2.323369383811950684e-01
1.331941366195678711e+00
1.763489603996276855e+00
2.552336826920509338e-02
-6.580231189727783203e-01
4.919557571411132812e-01
-4.665653407573699951e-02
9.985587000846862793e-01
2.320064306259155273e-01
1.173434734344482422e+00
2.056212902069091797e+00
