-3.609693646430969238e-01
3.456577956676483154e-01
5.996672511100769043e-01
-3.901894092559814453e-01
6.298940777778625488e-01
-2.492870807647705078e+00
1.946600228548049927e-01
-1.814480423927307129e+00
-6.334794759750366211e-01
1.245409607887268066e+00
1.004402518272399902e+00
-8.814060688018798828e-01
-1.217984318733215332e+00
-6.847431659698486328e-01
-8.434065580368041992e-01
-3.254613876342773438e-01
-4.185327589511871338e-01
6.594288349151611328e-02
9.622601866722106934e-01
-2.547638416290283203e+00
8.226615190505981445e-01
-7.947479486465454102e-01
-9.414541125297546387e-01
1.977501034736633301e+00
1.607225775718688965e+00
-9.965255856513977051e-01
5.841783285140991211e-01
-1.150957703590393066e+00
-2.913268804550170898e-01
5.201362371444702148e-01
5.937842130661010742e-01
-6.205147877335548401e-02
1.154869914054870605e+00
-3.551998436450958252e-01
8.004320859909057617e-01
2.271525263786315918e-01
1.067741394042968750e+00
-1.095574423670768738e-01
-2.619611322879791260e-01
1.179304599761962891e+00
3.781840503215789795e-01
-4.545341432094573975e-01
2.047016859054565430e+00
2.865969896316528320e+00
-6.070348024368286133e-01
-3.416022285819053650e-02
-1.269252657890319824e+00
1.833353638648986816e+00
-7.489292025566101074e-01
-1.798408329486846924e-01
-1.014418601989746094e+00
4.838313162326812744e-01
-3.132423460483551025e-01
7.464960813522338867e-01
2.094891965389251709e-01
1.174757838249206543e+00
9.333189725875854492e-01
2.959335967898368835e-02
-8.448567986488342285e-01
-2.968156635761260986e-01
-8.322758972644805908e-02
-1.263298511505126953e+00
-1.766174435615539551e+00
-1.430861353874206543e+00
-3.215984106063842773e-01
1.969008684158325195e+00
-1.298864364624023438e+00
4.894502162933349609e-01
-2.439918756484985352e+00
1.077590227127075195e+00
1.320791244506835938e+00
-4.128655493259429932e-01
3.204449713230133057e-01
3.761714100837707520e-01
-1.627352952957153320e+00
-1.351567268371582031e+00
2.145853519439697266e+00
8.821941614151000977e-01
-1.667806029319763184e+00
6.277520656585693359e-01
8.222757279872894287e-02
5.412815809249877930e-01
3.198622167110443115e-01
5.716447234153747559e-01
1.108353495597839355e+00
4.567107856273651123e-01
-1.240749001502990723e+00
-1.214769721031188965e+00
3.789263665676116943e-01
-2.362130284309387207e-01
-1.863118112087249756e-01
6.226068735122680664e-01
1.408622980117797852e+00
5.163205265998840332e-01
3.641046285629272461e-01
-3.915730714797973633e-01
-4.907791018486022949e-01
5.738581418991088867e-01
-2.336973190307617188e+00
-1.734681844711303711e+00
-4.249963164329528809e-01
-1.873954772949218750e+00
1.621206760406494141e+00
-1.670979261398315430e+00
-1.322165966033935547e+00
-1.522508740425109863e+00
7.008438706398010254e-01
3.958019614219665527e-01
6.612857580184936523e-01
2.103297710418701172e-01
-7.441868782043457031e-01
-1.506784439086914062e+00
2.353170871734619141e+00
6.387187242507934570e-01
-1.212371110916137695e+00
-9.955111742019653320e-01
2.572271347045898438e+00
-4.392102360725402832e-01
2.422844767570495605e-01
2.020808219909667969e+00
3.259158730506896973e-01
-7.565979957580566406e-01
6.516520977020263672e-01
-6.802989244461059570e-01
9.426494240760803223e-01
1.437332510948181152e+00
1.141837716102600098e+00
1.112353444099426270e+00
