-6.239737272262573242e-01
-2.877434492111206055e-01
6.198123693466186523e-01
-9.701427221298217773e-01
-9.908068180084228516e-01
-1.161453485488891602e+00
-1.647704690694808960e-01
-1.763487696647644043e+00
-6.065834164619445801e-01
1.016538262367248535e+00
1.515132546424865723e+00
-1.261977672576904297e+00
-1.658520817756652832e+00
-9.396219253540039062e-01
-5.488255023956298828e-01
4.697042703628540039e-01
-2.239668071269989014e-01
-5.561852827668190002e-02
8.093376755714416504e-01
-2.266916513442993164e+00
6.186598539352416992e-01
-9.036880731582641602e-01
1.139749407768249512e+00
1.078927397727966309e+00
1.198301672935485840e+00
1.148225516080856323e-01
3.116093873977661133e-01
-5.487608313560485840e-01
-9.381279945373535156e-01
3.470988273620605469e-01
8.337847888469696045e-02
3.970416188240051270e-01
1.400065779685974121e+00
-4.020051658153533936e-01
1.317021727561950684e+00
6.232476234436035156e-01
1.030051469802856445e+00
7.191644906997680664e-01
5.975195169448852539e-01
1.871745228767395020e+00
-3.587675690650939941e-01
-6.035968661308288574e-01
1.756318807601928711e+00
2.097409248352050781e+00
7.355328649282455444e-02
-3.788696229457855225e-01
-6.151722073554992676e-01
7.447791099548339844e-01
2.819247245788574219e-01
1.606837511062622070e-01
8.641928434371948242e-05
-1.332673430442810059e+00
-4.617526829242706299e-01
-4.548226892948150635e-01
4.548377394676208496e-01
1.013091921806335449e+00
7.721776962280273438e-01
1.962896823883056641e+00
-1.890878796577453613e+00
-5.176101326942443848e-01
-2.443582117557525635e-01
-2.411596775054931641e+00
-2.021147012710571289e+00
-2.322432994842529297e+00
-6.396632194519042969e-01
7.770507335662841797e-01
-1.076551556587219238e+00
1.202913761138916016e+00
-1.346132755279541016e+00
4.910055994987487793e-01
6.403375864028930664e-01
4.038043320178985596e-01
2.618333399295806885e-01
-4.774890840053558350e-03
-1.221152901649475098e+00
-7.843441367149353027e-01
9.647297859191894531e-01
4.380730092525482178e-01
-1.646314859390258789e+00
7.704754471778869629e-01
-3.360027670860290527e-01
1.179816275835037231e-01
1.123268127441406250e+00
6.011651158332824707e-01
-4.078023433685302734e-01
4.453210532665252686e-01
-3.417231738567352295e-01
-5.365285277366638184e-01
-1.841941475868225098e-02
-3.568239808082580566e-01
3.516174554824829102e-01
-8.099929094314575195e-01
1.089713573455810547e+00
7.317576408386230469e-01
1.277006566524505615e-01
-1.226021721959114075e-01
-1.999215960502624512e+00
1.433869004249572754e+00
-2.702024936676025391e+00
-1.925043940544128418e+00
5.440369248390197754e-01
-2.468386173248291016e+00
8.892287611961364746e-01
-1.669779539108276367e+00
-1.606756567955017090e+00
-2.884378433227539062e+00
6.550355553627014160e-01
-2.648253738880157471e-01
6.838881969451904297e-01
1.353360861539840698e-01
-3.930865824222564697e-01
-1.178201079368591309e+00
2.349849462509155273e+00
9.797105193138122559e-01
-5.581371188163757324e-01
-1.021292209625244141e+00
3.109775304794311523e+00
-1.059293150901794434e+00
5.108562111854553223e-01
2.025259971618652344e+00
2.229015082120895386e-01
-1.199550747871398926e+00
5.600742697715759277e-01
1.985165625810623169e-01
3.098269701004028320e-01
5.085207819938659668e-01
5.395577549934387207e-01
1.638817429542541504e+00
