-6.621768474578857422e-01
4.910853803157806396e-01
-4.188599437475204468e-02
-1.667139530181884766e-01
4.080572724342346191e-02
-2.014275550842285156e+00
9.466558694839477539e-01
-1.311130523681640625e+00
-5.437355637550354004e-01
9.076182246208190918e-01
1.155686259269714355e+00
-1.048931837081909180e+00
-1.373573064804077148e+00
1.954746246337890625e-02
-1.417840719223022461e+00
1.703838855028152466e-01
-2.500410079956054688e-01
-1.574345678091049194e-01
4.961724579334259033e-02
-1.483655095100402832e+00
3.285294771194458008e-01
-5.594866275787353516e-01
-2.079382538795471191e-01
1.176029562950134277e+00
1.422140002250671387e+00
1.985577046871185303e-01
2.656624019145965576e-01
-1.245984792709350586e+00
-6.957423090934753418e-01
5.693377554416656494e-02
6.637052297592163086e-01
-1.296914219856262207e-01
1.692975282669067383e+00
-3.547298014163970947e-01
5.509204864501953125e-01
3.059883415699005127e-01
9.626400470733642578e-01
3.382334709167480469e-01
1.617266386747360229e-01
2.089169740676879883e+00
-4.027404487133026123e-01
-3.287049531936645508e-01
2.145064353942871094e+00
2.812291383743286133e+00
1.566373407840728760e-01
-4.242687821388244629e-01
-1.324951529502868652e+00
2.103914976119995117e+00
-5.013939142227172852e-01
-4.428808391094207764e-01
-3.625444173812866211e-01
-1.457550823688507080e-01
-9.945269823074340820e-01
2.429441213607788086e-01
-9.199839830398559570e-02
6.039109826087951660e-01
1.184691667556762695e+00
1.268130540847778320e+00
-4.581609666347503662e-01
-6.630826592445373535e-01
-3.130931854248046875e-01
-1.060652613639831543e+00
-2.395595550537109375e+00
-1.939535617828369141e+00
-3.589471578598022461e-01
1.346947669982910156e+00
-1.621869683265686035e+00
1.153131842613220215e+00
-1.826872706413269043e+00
3.714868128299713135e-01
4.228839576244354248e-01
-2.127223014831542969e-01
4.639483690261840820e-01
-1.199948787689208984e-01
-1.521409749984741211e+00
-1.013843774795532227e+00
2.290354490280151367e+00
4.180280268192291260e-01
-1.198975205421447754e+00
5.711480379104614258e-01
-1.234433427453041077e-02
3.548166453838348389e-01
2.344788238406181335e-02
1.425958722829818726e-01
-1.333422660827636719e-01
9.486727714538574219e-01
-1.234045147895812988e+00
-6.830545663833618164e-01
5.464428663253784180e-01
2.535084187984466553e-01
2.348461449146270752e-01
1.731310971081256866e-02
1.560660481452941895e+00
-4.772619158029556274e-02
-4.810352921485900879e-01
-2.785631418228149414e-01
-4.751650094985961914e-01
5.668091177940368652e-01
-2.863339424133300781e+00
-1.458894014358520508e+00
-2.042837999761104584e-02
-2.405307054519653320e+00
8.764601349830627441e-01
-1.444193959236145020e+00
-1.783965945243835449e+00
-2.281497955322265625e+00
1.115105509757995605e+00
-5.975269079208374023e-01
6.993916630744934082e-01
1.007071018218994141e+00
-3.967933654785156250e-01
-1.045145750045776367e+00
2.687029123306274414e+00
9.088311195373535156e-01
-6.799888610839843750e-01
-1.142325878143310547e+00
1.917141795158386230e+00
-8.066435456275939941e-01
1.230057239532470703e+00
1.719555377960205078e+00
1.486678719520568848e-01
-3.586763739585876465e-01
-1.100830435752868652e-01
-2.284085899591445923e-01
8.023337721824645996e-01
6.979950666427612305e-01
1.533765792846679688e+00
1.321645140647888184e+00
